[ 0 18 ]
[ 1 3 19 23 24 25 27 33 34 39 43 49 51 66 69 76 78 80 86 88 89 101 105 113 114 116 121 122 124 127 136 138 147 151 158 179 182 183 192 ]
[ 2 22 62 71 100 112 120 174 177 187 191 ]
[ 4 7 70 ]
[ 5 ]
[ 6 128 ]
[ 8 29 50 123 163 ]
[ 9 ]
[ 10 ]
[ 11 107 166 189 ]
[ 12 83 ]
[ 13 ]
[ 14 16 ]
[ 15 150 ]
[ 17 82 ]
[ 20 21 28 37 61 74 118 142 ]
[ 26 87 155 ]
[ 30 42 91 92 153 ]
[ 31 ]
[ 32 44 73 75 ]
[ 35 ]
[ 36 ]
[ 38 ]
[ 40 52 67 94 106 129 144 152 176 ]
[ 41 ]
[ 45 ]
[ 46 ]
[ 47 53 156 170 ]
[ 48 ]
[ 54 99 132 ]
[ 55 ]
[ 56 ]
[ 57 93 98 102 110 180 ]
[ 58 ]
[ 59 85 ]
[ 60 68 131 143 ]
[ 63 ]
[ 64 ]
[ 65 186 ]
[ 72 ]
[ 77 ]
[ 79 ]
[ 81 185 190 ]
[ 84 ]
[ 90 95 117 141 148 154 160 ]
[ 96 ]
[ 97 ]
[ 103 ]
[ 104 ]
[ 108 ]
[ 109 126 ]
[ 111 ]
[ 115 ]
[ 119 137 162 165 169 181 ]
[ 125 ]
[ 130 ]
[ 133 ]
[ 134 ]
[ 135 ]
[ 139 ]
[ 140 ]
[ 145 ]
[ 146 ]
[ 149 ]
[ 157 ]
[ 159 ]
[ 161 ]
[ 164 ]
[ 167 ]
[ 168 ]
[ 171 ]
[ 172 ]
[ 173 ]
[ 175 ]
[ 178 ]
[ 184 ]
[ 188 ]
